a<-c(1,1,1,1,0,0,1,1)
b<-c(1,2,3,4,0,0,0,0)
c<-matrix(c(c(2,2),c(1,3),c(0,4),c(0,4),c(0,0),c(0,0),c(0,0),c(0,0)), nrow=2)
